# a star made of triangles

background .1 .1 .3

fov 60
eye  1.2 0 5.5
uvw  1 0 0  0 1 0  0 0 1

light 5 7 9  .7 .7 .7


# these two triangles acts as a ground plane (shiny)

surface  .6 .6 .9  .2 .2 .2  0 0 0  1  .2

begin
vertex -100 -1.15 -100
vertex  100 -1.15 -100
vertex  100 -1.15  100
end

begin
vertex  100 -1.15  100
vertex -100 -1.15  100
vertex -100 -1.15 -100
end

# triangles that make up the star

surface  .8 .8 .8  .2 .2 .2  0.4 0.4 0.4  1  0

begin
vertex 1.188635 0.0 0.73462
vertex 0.467086 0.178411 0.0
vertex 0.467086 -0.178411 0.0
end

begin
vertex 1.188635 0.0 0.73462
vertex 0.467086 -0.178411 0.0
vertex 0.288675 -0.288675 0.288675
end

begin
vertex 1.188635 0.0 0.73462
vertex 0.288675 -0.288675 0.288675
vertex 0.178411 0.0 0.467086
end

begin
vertex 1.188635 0.0 0.73462
vertex 0.178411 0.0 0.467086
vertex 0.288675 0.288675 0.288675
end

begin
vertex 1.188635 0.0 0.73462
vertex 0.288675 0.288675 0.288675
vertex 0.467086 0.178411 0.0
end

begin
vertex 1.188635 1.23058E-7 -0.73462
vertex 0.467086 0.178411 0.0
vertex 0.288675 0.288675 -0.288675
end

begin
vertex 1.188635 1.23058E-7 -0.73462
vertex 0.288675 0.288675 -0.288675
vertex 0.178411 0.0 -0.467086
end

begin
vertex 1.188635 1.23058E-7 -0.73462
vertex 0.178411 0.0 -0.467086
vertex 0.288675 -0.288675 -0.288675
end

begin
vertex 1.188635 1.23058E-7 -0.73462
vertex 0.288675 -0.288675 -0.288675
vertex 0.467086 -0.178411 0.0
end

begin
vertex 1.188635 1.23058E-7 -0.73462
vertex 0.467086 -0.178411 0.0
vertex 0.467086 0.178411 0.0
end

begin
vertex -1.188635 0.0 -0.73462
vertex -0.467086 0.178411 0.0
vertex -0.467086 -0.178411 0.0
end

begin
vertex -1.188635 0.0 -0.73462
vertex -0.467086 -0.178411 0.0
vertex -0.288675 -0.288675 -0.288675
end

begin
vertex -1.188635 0.0 -0.73462
vertex -0.288675 -0.288675 -0.288675
vertex -0.178411 0.0 -0.467086
end

begin
vertex -1.188635 0.0 -0.73462
vertex -0.178411 0.0 -0.467086
vertex -0.288675 0.288675 -0.288675
end

begin
vertex -1.188635 0.0 -0.73462
vertex -0.288675 0.288675 -0.288675
vertex -0.467086 0.178411 0.0
end

begin
vertex -1.188635 1.23058E-7 0.73462
vertex -0.467086 0.178411 0.0
vertex -0.288675 0.288675 0.288675
end

begin
vertex -1.188635 1.23058E-7 0.73462
vertex -0.288675 0.288675 0.288675
vertex -0.178411 0.0 0.467086
end

begin
vertex -1.188635 1.23058E-7 0.73462
vertex -0.178411 0.0 0.467086
vertex -0.288675 -0.288675 0.288675
end

begin
vertex -1.188635 1.23058E-7 0.73462
vertex -0.288675 -0.288675 0.288675
vertex -0.467086 -0.178411 0.0
end

begin
vertex -1.188635 1.23058E-7 0.73462
vertex -0.467086 -0.178411 0.0
vertex -0.467086 0.178411 0.0
end

begin
vertex -0.73462 1.188635 -1.23058E-7
vertex -0.467086 0.178411 0.0
vertex -0.288675 0.288675 -0.288675
end

begin
vertex -0.73462 1.188635 -1.23058E-7
vertex -0.288675 0.288675 -0.288675
vertex 0.0 0.467086 -0.178411
end

begin
vertex -0.73462 1.188635 -1.23058E-7
vertex 0.0 0.467086 -0.178411
vertex 0.0 0.467086 0.178411
end

begin
vertex -0.73462 1.188635 -1.23058E-7
vertex 0.0 0.467086 0.178411
vertex -0.288675 0.288675 0.288675
end

begin
vertex -0.73462 1.188635 -1.23058E-7
vertex -0.288675 0.288675 0.288675
vertex -0.467086 0.178411 0.0
end

begin
vertex 0.73462 1.188635 1.23058E-7
vertex 0.467086 0.178411 0.0
vertex 0.288675 0.288675 0.288675
end

begin
vertex 0.73462 1.188635 1.23058E-7
vertex 0.288675 0.288675 0.288675
vertex 0.0 0.467086 0.178411
end

begin
vertex 0.73462 1.188635 1.23058E-7
vertex 0.0 0.467086 0.178411
vertex 0.0 0.467086 -0.178411
end

begin
vertex 0.73462 1.188635 1.23058E-7
vertex 0.0 0.467086 -0.178411
vertex 0.288675 0.288675 -0.288675
end

begin
vertex 0.73462 1.188635 1.23058E-7
vertex 0.288675 0.288675 -0.288675
vertex 0.467086 0.178411 0.0
end

begin
vertex 0.73462 -1.188635 -1.23058E-7
vertex 0.467086 -0.178411 0.0
vertex 0.288675 -0.288675 -0.288675
end

begin
vertex 0.73462 -1.188635 -1.23058E-7
vertex 0.288675 -0.288675 -0.288675
vertex 0.0 -0.467086 -0.178411
end

begin
vertex 0.73462 -1.188635 -1.23058E-7
vertex 0.0 -0.467086 -0.178411
vertex 0.0 -0.467086 0.178411
end

begin
vertex 0.73462 -1.188635 -1.23058E-7
vertex 0.0 -0.467086 0.178411
vertex 0.288675 -0.288675 0.288675
end

begin
vertex 0.73462 -1.188635 -1.23058E-7
vertex 0.288675 -0.288675 0.288675
vertex 0.467086 -0.178411 0.0
end

begin
vertex -0.73462 -1.188635 1.23058E-7
vertex -0.467086 -0.178411 0.0
vertex -0.288675 -0.288675 0.288675
end

begin
vertex -0.73462 -1.188635 1.23058E-7
vertex -0.288675 -0.288675 0.288675
vertex 0.0 -0.467086 0.178411
end

begin
vertex -0.73462 -1.188635 1.23058E-7
vertex 0.0 -0.467086 0.178411
vertex 0.0 -0.467086 -0.178411
end

begin
vertex -0.73462 -1.188635 1.23058E-7
vertex 0.0 -0.467086 -0.178411
vertex -0.288675 -0.288675 -0.288675
end

begin
vertex -0.73462 -1.188635 1.23058E-7
vertex -0.288675 -0.288675 -0.288675
vertex -0.467086 -0.178411 0.0
end

begin
vertex 0.0 -0.73462 -1.188635
vertex 0.178411 0.0 -0.467086
vertex -0.178411 0.0 -0.467086
end

begin
vertex 0.0 -0.73462 -1.188635
vertex -0.178411 0.0 -0.467086
vertex -0.288675 -0.288675 -0.288675
end

begin
vertex 0.0 -0.73462 -1.188635
vertex -0.288675 -0.288675 -0.288675
vertex 0.0 -0.467086 -0.178411
end

begin
vertex 0.0 -0.73462 -1.188635
vertex 0.0 -0.467086 -0.178411
vertex 0.288675 -0.288675 -0.288675
end

begin
vertex 0.0 -0.73462 -1.188635
vertex 0.288675 -0.288675 -0.288675
vertex 0.178411 0.0 -0.467086
end

begin
vertex -1.23058E-7 0.73462 -1.188635
vertex 0.0 0.467086 -0.178411
vertex -0.288675 0.288675 -0.288675
end

begin
vertex -1.23058E-7 0.73462 -1.188635
vertex -0.288675 0.288675 -0.288675
vertex -0.178411 0.0 -0.467086
end

begin
vertex -1.23058E-7 0.73462 -1.188635
vertex -0.178411 0.0 -0.467086
vertex 0.178411 0.0 -0.467086
end

begin
vertex -1.23058E-7 0.73462 -1.188635
vertex 0.178411 0.0 -0.467086
vertex 0.288675 0.288675 -0.288675
end

begin
vertex -1.23058E-7 0.73462 -1.188635
vertex 0.288675 0.288675 -0.288675
vertex 0.0 0.467086 -0.178411
end

begin
vertex 1.23058E-7 0.73462 1.188635
vertex 0.0 0.467086 0.178411
vertex 0.288675 0.288675 0.288675
end

begin
vertex 1.23058E-7 0.73462 1.188635
vertex 0.288675 0.288675 0.288675
vertex 0.178411 0.0 0.467086
end

begin
vertex 1.23058E-7 0.73462 1.188635
vertex 0.178411 0.0 0.467086
vertex -0.178411 0.0 0.467086
end

begin
vertex 1.23058E-7 0.73462 1.188635
vertex -0.178411 0.0 0.467086
vertex -0.288675 0.288675 0.288675
end

begin
vertex 1.23058E-7 0.73462 1.188635
vertex -0.288675 0.288675 0.288675
vertex 0.0 0.467086 0.178411
end

begin
vertex -1.23058E-7 -0.73462 1.188635
vertex 0.0 -0.467086 0.178411
vertex -0.288675 -0.288675 0.288675
end

begin
vertex -1.23058E-7 -0.73462 1.188635
vertex -0.288675 -0.288675 0.288675
vertex -0.178411 0.0 0.467086
end

begin
vertex -1.23058E-7 -0.73462 1.188635
vertex -0.178411 0.0 0.467086
vertex 0.178411 0.0 0.467086
end

begin
vertex -1.23058E-7 -0.73462 1.188635
vertex 0.178411 0.0 0.467086
vertex 0.288675 -0.288675 0.288675
end

begin
vertex -1.23058E-7 -0.73462 1.188635
vertex 0.288675 -0.288675 0.288675
vertex 0.0 -0.467086 0.178411
end

render

